4693 9334 2439 7334 8421 8159 4985 2957 1354 1761 
8762 2972 1541 7716 1852 1850 3662 5482 399 6217 
5154 1173 9015 6506 9851 6364 4790 8263 2491 3172 
37 3537 8859 8828 871 7280 6987 5856 6590 8341 
3970 5352 7665 5511 3069 9517 7361 3083 1351 4112 
9300 6506 1638 4667 9364 1489 1032 4154 6104 9875 
3679 6141 3412 2538 4969 636 6170 1956 2844 2760 
6649 6814 4465 4314 2326 3886 183 6039 6969 1535 
152 2621 4393 1790 7289 109 9631 4673 4264 5735 
4548 4295 1877 4313 6833 3198 4949 9355 5155 7793 
8468 8156 960 2933 8823 3286 3171 5358 5677 140 
3245 2181 2761 3990 323 50 4100 9954 1075 8364 
2042 5624 2659 3919 6289 5844 3469 1238 1551 4976 
5383 19 3133 6343 9304 1956 5981 2475 3666 8011 
8967 6912 192 1729 902 6868 8131 5002 3174 9207 
9718 5216 1183 2377 5487 7472 4573 8957 5062 6125 
3933 6797 2496 3418 3141 8153 1726 5474 6980 5393 
3485 5948 2305 30 4029 9559 6898 2160 4562 6424 
7719 4280 1641 8902 3010 3480 2726 7583 8789 4140 
3708 2723 938 2557 2493 431 710 4220 5905 7690 
9613 9391 3638 8270 9421 7667 7829 2671 6180 8743 
9095 3899 3024 7088 9154 2386 569 8232 9969 5710 
2373 30 8433 9663 2587 7279 94 9649 1499 2351 
7339 7464 1742 7330 2086 7515 1349 9915 186 3881 
5011 5634 4133 4387 2722 3287 6773 9643 1519 6742 
5354 244 3124 139 6259 2063 7418 6353 1712 5269 
8705 5404 2733 6799 2734 4819 4315 435 1087 853 
669 2450 6487 4802 6837 5562 8089 3610 5205 5960 
6704 6911 2557 9829 3403 8816 1892 821 1522 3605 
2443 6579 5361 1528 3378 4447 2700 4045 4882 3787 
4899 5551 2589 1386 353 9426 6948 4794 3036 8506 
7107 6092 5417 9664 5921 8820 8480 4166 5994 6354 
4123 8437 2933 9484 6317 6312 3931 9017 6709 5165 
9156 1608 7069 1745 2995 7422 1171 6295 8569 559 
4801 5676 6652 6571 5340 8925 1743 172 3091 4089 
6527 3566 8878 5812 3050 5196 2124 3333 4213 5186 
8499 3370 6794 5568 5115 6141 9342 2639 2437 4263 
3198 3590 9939 6202 6513 1631 5128 8257 1804 4571 
2346 4683 8138 1225 495 7540 6421 8972 7226 634 
4158 5725 356 952 7645 5472 3446 3339 8111 5883 
7603 7661 5825 7542 216 2339 9174 5344 596 7330 
6267 9294 2013 757 519 8860 4650 3292 7832 1876 
279 1990 3953 635 9295 1598 6107 2741 4937 570 
4976 2540 4584 801 83 4800 9492 5609 6496 6440 
2939 2763 5735 1304 9873 2606 164 4523 2251 4349 
2751 2530 6339 6704 3165 1986 8302 5625 1079 9591 
2547 2407 8484 7131 9561 4919 1931 9053 528 8427 
5494 9819 7543 7581 1123 3768 187 7639 4643 2438 
1988 7394 1320 4680 4098 4486 3018 8752 6463 4098 
4695 9010 6505 3179 6142 6066 8098 4425 1472 4978 
2853 6966 4797 6748 4547 2272 516 1086 9912 5159 
9877 1900 2553 1197 2932 3003 2035 5951 8107 8498 
49 9154 3861 2906 2334 3 5325 6784 4428 6797 
1763 3633 115 6560 381 1014 5185 897 2100 5097 
2408 8329 3349 1313 5879 2634 4316 7914 8585 8775 
2765 4986 7930 6626 7892 6616 6629 9569 9752 7409 
6366 1515 7395 2833 4428 7776 3847 9613 5026 2300 
1062 3786 629 763 5100 6508 3397 9416 775 1982 
4544 3540 3320 8826 6518 7565 1794 9499 7134 1546 
6908 9853 3062 4303 2686 3842 8432 6534 9807 9810 
8834 869 3596 5815 7984 8696 2324 1382 4465 9451 
9716 5361 9343 3037 4187 5861 602 5981 5360 4088 
3879 8620 3941 3293 2924 6628 7135 7708 3162 6942 
3870 1996 4163 7466 7811 8500 2515 6487 6234 3332 
2290 5950 8693 1633 5339 2880 7494 2293 5213 2854 
6382 5444 1475 323 8738 751 6951 5873 4811 6465 
9168 8681 4813 9683 2499 8977 4535 5014 5464 769 
8346 4107 3072 3391 5740 8411 2623 9587 7057 7836 
8793 3439 3281 6620 114 8371 7371 3418 596 8534 
9883 9764 3567 4697 5800 6067 3674 335 7433 5490 
7457 2132 5949 529 5523 1690 5292 8147 7629 2349 
2335 6422 2140 1968 3043 2255 339 6766 2025 936 
1653 8260 7052 5220 2957 9204 1287 2983 9540 8721 
4826 6997 7205 7127 3878 2728 5169 9170 7227 2798 
1520 9563 9221 3660 7883 8616 2267 8223 5382 4292 
5511 7035 2553 2563 8608 1862 1768 9895 1198 7660 
4968 2376 1009 2173 9503 4887 1254 4673 4057 8481 
3823 1929 4396 3044 1942 2280 8012 4209 6855 9747 
4854 2366 3134 3759 1281 1742 1973 9401 1638 3171 
3413 2958 1899 4422 1484 7755 5661 9090 8780 6071 
3923 2603 8000 8320 2000 9942 6952 12 504 3807 
9759 5358 2525 2894 9117 158 4636 1090 9560 2626 
614 2973 1937 8865 3748 3421 6620 9409 8863 5400 
1832 2786 8004 9833 7458 6356 6127 4410 6368 6631 
4569 6128 8341 3446 5374 7458 3605 10 4901 3165 
8989 1867 2490 926 732 6238 699 3705 2000 9562 
5457 3832 2348 3461 17 9807 6169 2497 569 2538 
9128 5139 5018 7470 8585 392 1280 8542 6754 2533 
1707 5743 4400 550 3021 1485 6788 3720 5190 5140 
9634 647 5325 1983 461 1694 8142 6630 4191 5063 
5520 3320 6554 538 7142 1492 930 8422 34 7685 
7308 8094 9780 1708 8644 2802 9545 1784 6522 1087 
6925 6157 1735 8602 4492 8548 296 8986 1530 840 
4049 7051 512 6956 7589 7654 8448 4872 2428 8482 
2557 6088 6576 2337 7797 5220 5139 3694 7005 8014 
4782 282 523 2869 5236 5015 1417 1884 353 9299 
2724 754 6350 3236 7710 292 7242 6158 5164 6023 
4641 7721 2111 7569 6410 6260 2790 7902 9955 6147 
5916 1089 2781 6439 3958 8017 7806 5375 9901 4511 
4674 8978 5265 7377 8566 2976 7669 2161 9134 2833 
