4536 127 6906 2999 7697 3316 9260 6839 7570 5567 2986 3486 3008 5767 6277 6966 136 435 8693 37 
4946 9719 5367 212 7096 3934 9540 1117 6095 8674 3950 631 8802 7208 3630 2851 525 9242 9690 4447 
1161 2676 7934 4169 4795 563 1135 4931 7351 6180 1320 2297 5900 6688 8861 2996 6974 8401 4114 3069 
3428 4416 52 8582 1625 3682 1433 8502 9277 1123 2949 6790 151 7235 960 4946 7799 8447 6229 1502 
4628 7549 3799 528 589 9013 9876 7563 3766 3990 6984 7194 4759 7036 5776 6384 7071 7209 1238 2700 
4684 539 9490 4835 7775 450 9781 1926 5250 2362 3428 9878 6264 3579 6758 6853 8944 6634 769 2711 
6977 4105 6257 1736 1142 2034 4472 4565 5595 5710 7265 6632 6249 3107 1467 376 3558 7601 2302 5160 
9963 2082 5038 6227 2014 1796 9433 958 8430 6554 3669 5407 659 9927 3495 1801 8313 7967 2718 260 
29 6335 6892 2631 9443 4712 3007 9353 2313 1662 4513 8628 96 9551 4856 2110 7699 641 3069 2481 
7195 3090 7889 7854 9369 7736 6008 7682 5704 8726 4295 5733 1414 1187 8364 857 2251 7724 210 4564 
5738 4723 3193 5834 626 4401 7945 8325 1394 7366 806 8589 456 5047 2795 9826 2784 8803 3860 4840 
3882 8155 573 1648 5695 5290 2505 7946 9366 9067 8863 5104 3790 8408 7290 768 9161 5235 9093 555 
2601 6251 9144 9410 7651 8291 5588 435 3447 9448 5275 3681 3956 2200 5329 9651 3842 7834 3949 9560 
6901 9164 4664 7043 7572 1955 7811 6733 3542 3256 3640 2496 5859 9136 8258 3510 7428 3846 297 875 
3294 1924 4556 7250 4125 9885 3253 4319 4071 3555 3880 7324 2719 4896 4367 6644 3203 8530 9729 6746 
1786 3370 5594 7645 8858 3852 7508 6286 7698 7805 3513 7344 9730 4421 947 207 658 4200 878 4729 
4107 4758 2053 3179 6007 2772 6175 9210 1302 5904 2308 9440 5626 7902 7086 4485 8106 946 7123 5804 
8751 637 9501 4833 1410 448 1392 2069 1000 2271 3150 5108 3381 1556 8287 9388 4328 4462 4951 1983 
6718 7259 1423 2345 1514 4861 3182 5972 5807 6657 8129 911 7294 7630 5744 5057 8078 7137 7126 9078 
5760 6628 4186 9141 8184 8825 4882 8865 9639 9833 848 6358 3444 8623 5055 1310 3485 4589 7283 5644 
1246 5412 6555 4893 3042 2300 9950 1120 5789 3428 6550 1549 56 737 7042 8241 5914 1924 3458 5554 
8109 658 8264 1554 9281 3319 9216 9118 4260 6499 4763 5506 8263 1318 399 1305 9970 6701 8777 2111 
129 5328 12 186 2417 7055 4779 4683 8979 4589 237 7089 5247 4853 4995 880 4524 4211 9999 8784 
711 1114 643 5326 8784 1042 6632 5107 4096 1761 7218 4225 3441 7231 763 2210 4286 1894 6894 9617 
2835 3483 3058 8082 8337 8053 5315 9213 8617 5314 7998 5680 2780 8641 1006 1564 6035 7638 3023 131 
5752 242 709 5545 3825 7824 7756 4463 6071 1002 4080 8906 4485 3491 6989 9174 1544 8656 8388 161 
3970 2738 5841 3102 1379 6848 1018 3766 838 4042 250 2942 4284 959 8488 4461 5135 2596 8924 1206 
3598 9356 113 4435 2847 3454 9962 744 2110 4702 7257 2432 7440 9451 1886 5171 6299 2904 5289 3489 
6946 5539 2784 7582 2850 1272 2043 7986 3868 7319 9192 3818 6676 5657 8253 5875 5463 8215 6619 3925 
9269 3877 2709 6709 9680 4595 8232 2331 7500 3522 5820 4446 5413 4956 2029 8264 6228 424 6250 6448 
7744 1794 6618 772 3804 4872 6647 9267 9439 9619 3193 8709 9848 2254 1770 9528 6850 6355 1859 4350 
6229 4031 5148 1642 8988 7177 9906 1568 3954 2508 4369 1698 4303 987 2470 8107 2211 5469 3726 8003 
1440 3271 3064 1288 5526 1186 816 2376 7541 9027 3078 122 3059 8226 1765 8399 5404 8023 9967 9358 
532 688 7408 1187 1676 6230 9294 239 8051 9372 8242 9492 2644 1306 780 4522 2493 7949 6898 6386 
3328 9976 6509 6387 8202 4626 1138 9958 2649 7458 5668 3181 8146 9428 720 6174 5658 14 6414 62 
5739 4656 9554 4735 2315 334 9257 1160 4635 2507 7546 7964 2483 4055 703 7037 5033 1842 3348 7683 
9300 5368 7216 7446 1149 7937 3621 3159 4303 6387 3221 42 1043 2775 4777 9710 9462 386 870 4097 
2893 8417 2061 1728 8824 9117 8766 3858 959 8466 7893 259 186 5109 4057 1335 3046 4030 4495 3702 
417 7716 96 7813 492 4874 7523 6306 5260 8394 403 4506 3163 8817 6234 8339 7934 1352 8549 8893 
9818 6442 5504 5 7904 5913 7692 7302 9944 2187 1004 361 6256 1101 4526 6748 2327 2050 3054 3939 
6796 9809 8445 6311 8626 4680 1002 2912 6032 9552 8157 2203 2346 3661 8560 250 5927 6252 7553 5871 
8440 8557 2584 1048 6010 7111 4148 8337 5513 3554 2277 8661 3363 7074 1324 8342 1754 2326 1254 4139 
1878 5764 6342 4225 5777 4902 827 1704 1154 8380 7575 5946 3290 160 6994 9300 3623 1142 3990 5488 
4696 2619 4149 4412 9693 1825 2754 1448 4151 360 5587 2382 6124 1929 2959 1902 3183 3786 3606 4337 
2167 7534 6636 1809 4046 3630 1109 7669 1125 1451 3157 2173 4070 3658 6585 3764 5483 9339 1564 5986 
6052 3503 8368 2176 5432 1327 430 4967 1466 4037 9304 3633 1571 2292 1794 5617 2275 9255 9638 3400 
707 9147 5573 4777 9157 2159 4893 992 7850 6457 6978 3902 9960 5347 2431 1744 3026 2861 6711 4492 
6898 2368 4477 4821 4660 6271 6790 3287 1879 2780 6687 2586 8279 8613 7363 7436 7124 8609 8428 4974 
5066 1759 5229 5027 3458 7660 6771 6484 6873 9835 7329 124 2203 8158 4945 3215 782 8088 6503 2661 
868 9542 5247 5500 8155 8962 2936 1631 7571 7717 2958 2638 9476 8187 4017 2934 2199 7140 5770 9072 
3327 9451 9196 1882 7610 494 5098 8392 8582 7953 1053 5802 3847 2652 7654 8355 1614 591 9986 5538 
4660 2944 4528 488 7483 8545 3422 6034 2037 5544 5107 5365 4996 655 7247 2606 1149 8697 7350 6083 
3002 8403 8238 6850 1055 5892 5205 9021 2835 5191 911 7495 4488 5439 7983 8323 336 7757 4358 8726 
3302 9465 4091 4650 120 7690 3608 7622 6388 958 57 9390 9361 8295 6240 6768 540 7797 2141 3375 
9341 3053 7223 3829 4844 1558 2152 1533 9316 6510 259 8970 2327 4350 9972 8800 2040 3580 2774 4780 
4538 2831 4171 3899 7479 6763 7019 8019 4561 5512 7746 254 4917 4969 4083 9762 6528 2587 1295 2196 
5450 1554 1166 4129 2256 1138 2929 4296 4718 2055 5429 5608 4887 9600 9507 8718 2715 2878 6737 3628 
8390 835 3882 3308 5805 4317 9422 8685 3257 7069 881 8707 8623 8399 2836 879 5889 2118 1527 607 
4173 6956 6215 5412 2908 2074 4130 1976 1304 7219 1956 6046 8055 5839 5706 212 6508 5128 8897 9765 
2197 6130 8472 7172 4529 7661 4403 418 6131 2283 7377 6656 5591 9944 2069 4852 8370 2551 6828 6026 
6123 8784 2072 530 975 7779 7094 7484 9259 5991 7249 7809 8473 2074 4981 3002 9735 5737 9772 5866 
8020 3501 8874 3611 3445 943 4815 8167 9847 1643 4193 2322 6780 2617 9204 4107 396 6298 1591 6008 
2289 5193 3817 762 7267 5150 116 3354 887 6240 5572 5259 9741 4446 5223 9538 1742 38 7705 1589 
1682 8250 263 4814 867 9467 8921 7616 5765 6865 3624 4406 2058 7441 1520 9325 2591 7988 2679 9831 
4228 8251 5090 3969 2697 313 9859 791 352 3916 8732 8386 2166 8995 3200 9385 4814 8473 7001 579 
5338 6977 1337 7396 4418 2857 3073 3362 845 2104 3193 1425 6707 4635 1746 9405 4949 1605 6548 1653 
1873 5281 39 4039 4276 9591 9777 9091 8064 3130 6022 9755 108 7360 7151 4526 6569 6577 4240 7415 
8681 7433 5192 5389 2069 6939 1146 3370 4896 7694 5023 6770 2975 1414 7161 3604 1005 6938 2695 5421 
69 5069 5176 177 2429 8680 1055 8999 5257 5296 2766 3938 9081 7958 5679 7502 1249 6825 7224 6146 
872 2247 2916 3847 3661 77 7451 1018 7016 6498 6440 3437 1568 1616 9966 349 296 1021 9348 1905 
2669 8466 2196 1751 2777 7875 5605 4026 1053 2830 172 1925 1429 3088 5772 1443 9518 9576 2461 2886 
2426 8901 6323 3994 6870 6289 696 3518 3662 6396 5424 6332 4863 7620 4435 7640 1847 6392 8018 2900 
9222 4543 4825 7004 3983 6950 8447 3501 2878 908 6387 5304 6162 9062 5651 3032 5351 6347 2902 5366 
2743 8326 8050 3958 2298 8837 7950 498 5229 5969 3398 804 512 4576 7808 847 7878 6255 4349 7108 
7163 736 8764 9677 6151 4415 2709 7854 7114 5612 3220 6210 290 1270 168 8941 107 4471 9439 1689 
440 9189 2493 7304 117 6653 8151 4347 2908 8852 1455 6423 5941 6572 6101 2092 7339 5162 9946 4454 
7126 9519 7016 3769 789 7184 2710 7249 1655 8501 5290 8447 4042 7783 2103 512 788 6607 1211 3696 
1811 9019 6471 7752 5591 8924 6196 2930 4087 6143 3736 7565 5662 752 1334 2803 4289 396 6404 2296 
8897 1694 7096 9292 5829 9199 6156 6617 2158 7367 6665 322 6386 3137 8074 1977 2061 4271 4908 2500 
6766 4996 66 8780 5749 1400 7935 38 1797 4340 2334 7046 2386 9430 2690 8216 4982 8846 1185 3492 
6214 7851 3814 8952 7340 8241 930 5753 8864 2190 8254 5630 7186 4672 762 9287 6072 8697 9325 4221 
9389 1660 7620 1776 7442 310 9992 2424 5509 7529 2269 8075 5380 6083 7027 2720 4324 4309 8474 3188 
6499 3080 5170 38 7752 5932 9325 176 982 8651 4398 371 6663 8370 2147 457 5032 8491 9234 541 
6021 1503 8616 7753 3938 1996 6826 8263 6305 1652 7803 9157 4732 9326 9195 8836 5258 8520 9012 2592 
3523 9762 2964 6538 8132 1463 3348 3165 6307 2582 58 2328 437 5027 6433 4375 7023 3259 8990 3328 
4911 3146 2485 5995 2472 8032 4831 4082 2905 196 6675 6428 9958 9639 9319 4443 7454 2667 3960 3761 
1601 370 2441 2038 5397 8875 6413 2420 8486 1756 2101 3398 4902 938 5745 7374 5323 6929 1456 8228 
7125 8131 1008 3435 4122 6679 4230 1577 9346 8190 1690 947 4913 4132 9337 310 3007 5751 9083 1493 
7507 7536 1243 2409 4826 6989 6135 149 3918 7591 8377 7395 5723 5738 830 6197 2417 1413 7774 8116 
5955 9465 5415 868 9949 4753 1179 2956 6856 6614 801 715 4150 8397 9476 8976 1738 5611 9126 2008 
3202 3855 9403 5277 9593 6585 1475 2011 7998 5601 127 306 1418 5542 1174 1367 6647 2353 4323 3503 
8967 1477 4218 9469 6226 3694 8446 7964 9305 3924 9972 8860 7779 5727 4137 3725 8664 1964 5736 3015 
7566 2215 3321 8984 4109 4495 352 757 3201 1027 4260 8520 8856 4831 7990 5082 8525 2788 3046 4183 
6712 9370 3043 4491 1449 3532 8216 6466 5497 304 9481 3063 8871 9154 8399 2981 1 8751 90 3202 
6131 702 8075 4987 5533 6065 70 411 5205 9468 946 1917 5191 3989 2760 2992 3873 7329 9458 9370 
7633 5291 8785 2857 797 3537 2190 799 2288 2280 353 4771 9334 8428 9759 1220 845 6181 7983 6050 
2001 8929 4319 7192 9270 7080 6537 3143 4409 2347 8866 8394 7639 4003 7603 4788 7540 9793 5587 6181 
8425 5941 952 4112 721 7063 5332 1567 3244 3315 3969 5246 2244 8289 8790 1514 1721 5327 1009 6130 
7675 9875 876 1666 231 8480 6454 7771 4625 2042 304 9403 4335 1257 3515 5056 4672 8847 2975 7917 
8514 6945 3163 758 1586 1953 8624 3307 7281 9633 5789 1308 5861 3017 2974 6092 7849 9428 215 2475 
